0 2 8 1 3
0 4 2 7 1
0 4 2 7 3
0 4 2 7 8
0 4 2 9 3
0 4 2 9 8
0 4 7 9 3
0 4 7 9 8
0 5 2 7 1
0 5 2 7 3
0 5 2 7 8
0 5 2 9 3
0 5 2 9 8
0 5 4 2 1
0 5 4 2 3
0 5 4 2 7
0 5 4 2 8
0 5 4 2 9
0 5 4 3 8
0 5 4 7 1
0 5 4 7 3
0 5 4 7 8
0 5 4 7 9
0 5 4 9 3
0 5 4 9 8
0 5 7 9 3
0 5 7 9 8
0 6 2 5 4
0 6 2 7 1
0 6 2 7 3
0 6 2 7 8
0 6 2 9 3
0 6 2 9 8
0 6 4 3 8
0 6 4 7 1
0 6 4 7 3
0 6 4 7 8
0 6 4 7 9
0 6 4 9 3
0 6 4 9 8
0 6 5 3 8
0 6 7 9 3
0 6 7 9 8
0 7 8 1 3
1 0 4 2 7
1 0 5 2 7
1 0 5 4 2
1 0 5 4 7
1 0 6 2 7
1 0 6 4 7
1 4 2 7 3
1 4 2 7 8
1 4 2 9 3
1 4 2 9 8
1 4 7 9 3
1 4 7 9 8
1 5 2 7 3
1 5 2 7 8
1 5 2 9 3
1 5 2 9 8
1 5 4 2 3
1 5 4 2 7
1 5 4 2 8
1 5 4 2 9
1 5 4 3 8
1 5 4 7 3
1 5 4 7 8
1 5 4 7 9
1 5 4 9 3
1 5 4 9 8
1 5 7 9 3
1 5 7 9 8
1 6 2 5 4
1 6 2 7 3
1 6 2 7 8
1 6 2 9 3
1 6 2 9 8
1 6 4 3 8
1 6 4 7 3
1 6 4 7 8
1 6 4 7 9
1 6 4 9 3
1 6 4 9 8
1 6 5 3 8
1 6 7 9 3
1 6 7 9 8
2 1 0 5 4
2 3 0 5 4
2 3 1 5 4
2 7 0 5 4
2 7 1 0 4
2 7 1 0 5
2 7 1 0 6
2 7 1 5 4
2 7 3 0 4
2 7 3 0 5
2 7 3 0 6
2 7 3 1 4
2 7 3 1 5
2 7 3 1 6
2 7 3 5 4
2 7 8 0 4
2 7 8 0 5
2 7 8 0 6
2 7 8 1 4
2 7 8 1 5
2 7 8 1 6
2 7 8 5 4
2 8 0 5 4
2 8 1 5 4
2 9 0 5 4
2 9 0 7 1
2 9 1 5 4
2 9 3 0 4
2 9 3 0 5
2 9 3 0 6
2 9 3 1 4
2 9 3 1 5
2 9 3 1 6
2 9 3 5 4
2 9 8 0 4
2 9 8 0 5
2 9 8 0 6
2 9 8 1 4
2 9 8 1 5
2 9 8 1 6
2 9 8 5 4
3 0 4 2 7
3 0 4 2 9
3 0 4 7 9
3 0 5 2 7
3 0 5 2 9
3 0 5 4 2
3 0 5 4 7
3 0 5 4 9
3 0 5 7 9
3 0 6 2 7
3 0 6 2 9
3 0 6 4 7
3 0 6 4 9
3 0 6 7 9
3 1 4 2 7
3 1 4 2 9
3 1 4 7 9
3 1 5 2 7
3 1 5 2 9
3 1 5 4 2
3 1 5 4 7
3 1 5 4 9
3 1 5 7 9
3 1 6 2 7
3 1 6 2 9
3 1 6 4 7
3 1 6 4 9
3 1 6 7 9
3 5 4 2 7
3 5 4 2 9
3 5 4 7 9
3 6 2 5 4
3 6 4 7 9
3 8 0 5 4
3 8 0 6 4
3 8 0 6 5
3 8 1 5 4
3 8 1 6 4
3 8 1 6 5
4 2 1 0 5
4 2 3 0 5
4 2 3 1 5
4 2 7 0 5
4 2 7 1 0
4 2 7 1 5
4 2 7 3 0
4 2 7 3 1
4 2 7 3 5
4 2 7 8 0
4 2 7 8 1
4 2 7 8 5
4 2 8 0 5
4 2 8 1 5
4 2 9 0 5
4 2 9 1 5
4 2 9 3 0
4 2 9 3 1
4 2 9 3 5
4 2 9 8 0
4 2 9 8 1
4 2 9 8 5
4 3 8 0 5
4 3 8 0 6
4 3 8 1 5
4 3 8 1 6
4 7 1 0 5
4 7 1 0 6
4 7 3 0 5
4 7 3 0 6
4 7 3 1 5
4 7 3 1 6
4 7 8 0 5
4 7 8 0 6
4 7 8 1 5
4 7 8 1 6
4 7 9 0 5
4 7 9 0 6
4 7 9 1 5
4 7 9 1 6
4 7 9 3 0
4 7 9 3 1
4 7 9 3 5
4 7 9 3 6
4 7 9 5 6
4 7 9 8 0
4 7 9 8 1
4 7 9 8 5
4 7 9 8 6
4 9 3 0 5
4 9 3 0 6
4 9 3 1 5
4 9 3 1 6
4 9 8 0 5
4 9 8 0 6
4 9 8 1 5
4 9 8 1 6
5 2 7 1 0
5 2 7 3 0
5 2 7 3 1
5 2 7 8 0
5 2 7 8 1
5 2 9 3 0
5 2 9 3 1
5 2 9 8 0
5 2 9 8 1
5 3 8 0 6
5 3 8 1 6
5 4 2 1 0
5 4 2 3 0
5 4 2 3 1
5 4 2 7 0
5 4 2 7 1
5 4 2 7 3
5 4 2 7 8
5 4 2 8 0
5 4 2 8 1
5 4 2 9 0
5 4 2 9 1
5 4 2 9 3
5 4 2 9 8
5 4 3 8 0
5 4 3 8 1
5 4 7 1 0
5 4 7 3 0
5 4 7 3 1
5 4 7 8 0
5 4 7 8 1
5 4 7 9 0
5 4 7 9 1
5 4 7 9 3
5 4 7 9 8
5 4 9 3 0
5 4 9 3 1
5 4 9 8 0
5 4 9 8 1
5 6 4 7 9
5 7 9 3 0
5 7 9 3 1
5 7 9 8 0
5 7 9 8 1
6 2 7 1 0
6 2 7 3 0
6 2 7 3 1
6 2 7 8 0
6 2 7 8 1
6 2 8 4 3
6 2 8 5 3
6 2 9 3 0
6 2 9 3 1
6 2 9 4 7
6 2 9 8 0
6 2 9 8 1
6 4 3 8 0
6 4 3 8 1
6 4 7 1 0
6 4 7 3 0
6 4 7 3 1
6 4 7 8 0
6 4 7 8 1
6 4 7 9 0
6 4 7 9 1
6 4 7 9 3
6 4 7 9 5
6 4 7 9 8
6 4 9 3 0
6 4 9 3 1
6 4 9 8 0
6 4 9 8 1
6 5 3 8 0
6 5 3 8 1
6 7 8 5 3
6 7 9 3 0
6 7 9 3 1
6 7 9 8 0
6 7 9 8 1
6 9 0 5 1
6 9 8 5 3
7 0 5 4 2
7 1 0 4 2
7 1 0 5 2
7 1 0 5 4
7 1 0 6 2
7 1 0 6 4
7 1 5 4 2
7 3 0 4 2
7 3 0 5 2
7 3 0 5 4
7 3 0 6 2
7 3 0 6 4
7 3 1 4 2
7 3 1 5 2
7 3 1 5 4
7 3 1 6 2
7 3 1 6 4
7 3 5 4 2
7 8 0 4 2
7 8 0 5 2
7 8 0 5 4
7 8 0 6 2
7 8 0 6 4
7 8 1 4 2
7 8 1 5 2
7 8 1 5 4
7 8 1 6 2
7 8 1 6 4
7 8 5 4 2
7 9 0 5 4
7 9 0 6 4
7 9 1 5 4
7 9 1 6 4
7 9 3 0 4
7 9 3 0 5
7 9 3 0 6
7 9 3 1 4
7 9 3 1 5
7 9 3 1 6
7 9 3 5 4
7 9 3 6 4
7 9 5 6 4
7 9 8 0 4
7 9 8 0 5
7 9 8 0 6
7 9 8 1 4
7 9 8 1 5
7 9 8 1 6
7 9 8 5 4
7 9 8 6 4
8 0 4 2 7
8 0 4 2 9
8 0 4 7 9
8 0 5 2 7
8 0 5 2 9
8 0 5 4 2
8 0 5 4 3
8 0 5 4 7
8 0 5 4 9
8 0 5 7 9
8 0 6 2 7
8 0 6 2 9
8 0 6 4 3
8 0 6 4 7
8 0 6 4 9
8 0 6 5 3
8 0 6 7 9
8 1 4 2 7
8 1 4 2 9
8 1 4 7 9
8 1 5 2 7
8 1 5 2 9
8 1 5 4 2
8 1 5 4 3
8 1 5 4 7
8 1 5 4 9
8 1 5 7 9
8 1 6 2 7
8 1 6 2 9
8 1 6 4 3
8 1 6 4 7
8 1 6 4 9
8 1 6 5 3
8 1 6 7 9
8 5 4 2 7
8 5 4 2 9
8 5 4 7 9
8 6 2 5 4
8 6 4 7 9
9 0 5 4 2
9 0 5 4 7
9 0 6 4 7
9 1 5 4 2
9 1 5 4 7
9 1 6 4 7
9 3 0 4 2
9 3 0 4 7
9 3 0 5 2
9 3 0 5 4
9 3 0 5 7
9 3 0 6 2
9 3 0 6 4
9 3 0 6 7
9 3 1 4 2
9 3 1 4 7
9 3 1 5 2
9 3 1 5 4
9 3 1 5 7
9 3 1 6 2
9 3 1 6 4
9 3 1 6 7
9 3 5 4 2
9 3 5 4 7
9 3 6 4 7
9 5 6 4 7
9 8 0 4 2
9 8 0 4 7
9 8 0 5 2
9 8 0 5 4
9 8 0 5 7
9 8 0 6 2
9 8 0 6 4
9 8 0 6 7
9 8 1 4 2
9 8 1 4 7
9 8 1 5 2
9 8 1 5 4
9 8 1 5 7
9 8 1 6 2
9 8 1 6 4
9 8 1 6 7
9 8 5 4 2
9 8 5 4 7
9 8 6 4 7
438
87
